function cmap = get_all_terms_cmap

cmap = [linecolor(2)    
    0.4000    0.7608    0.6471
    0.9882    0.5529    0.3843
    0.5529    0.6275    0.7961
    0.9059    0.5412    0.7647
    0.6510    0.8471    0.3294];
